Time: 22:26

Entrance
  humidity [%]: [54.1]
  luminosity [Lux]: [0.24, 33.39, 66.54, 67.06, 67.58, 67.57, 67.56, 66.92, 67.56, 67.48, 67.4, 67.0, 66.6, 66.44, 66.28, 66.36, 66.44, 65.64, 64.84, 65.4, 65.96, 66.52, 67.08, 67.16, 67.24, 66.6, 65.96, 65.64, 65.32, 65.08, 64.84, 64.92, 65.0, 64.68, 64.36, 64.52, 64.68, 64.52, 64.36, 64.68, 65.0, 64.83, 64.66, 64.83, 65.0, 64.91, 64.82]
  magnitude accelerometer [m/s²]: [0]
  magnitude gyroscope [°/s]: [0]
  temperature [°C]: [20.75, 20.76, 20.78, 20.76, 20.75]

Kitchen
  humidity [%]: [62.61, 62.56, 62.51]
  luminosity [Lux]: [25.88, 25.96, 26.04, 25.96, 25.88, 25.8, 25.72, 25.76, 25.8, 25.76, 25.72, 25.48, 25.23, 25.19, 25.15, 24.83, 24.51, 15.38, 6.25, 6.33, 6.41, 6.5, 6.58, 6.62, 6.66, 6.74, 6.81, 6.7, 6.58, 6.7, 6.81, 6.77, 6.73, 6.66, 6.58, 6.66, 6.73, 6.66, 6.58, 6.66, 6.73, 6.66, 6.58, 6.66, 6.73, 6.66, 6.58]
  magnitude accelerometer [m/s²]: [0]
  magnitude gyroscope [°/s]: [0]
  temperature [°C]: [19.59, 19.61, 19.63, 19.61, 19.59, 19.61, 19.63, 19.61, 19.59, 19.58, 19.56, 19.58, 19.59, 19.58, 19.56, 19.55, 19.53]

Living Room
  humidity [%]: [58.76]
  luminosity [Lux]: [21.38, 21.46, 21.54, 21.58, 21.62, 21.58, 21.54, 21.5, 21.46, 21.42, 21.38, 20.29, 19.2, 19.76, 20.33, 20.98, 21.62, 21.38, 21.14, 21.5, 21.86, 21.82, 21.78, 21.7, 21.62, 21.66, 21.7, 21.5, 21.3, 21.42, 21.54, 21.5, 21.46, 21.5, 21.54, 21.42, 21.3, 21.38, 21.46, 21.38, 21.3, 21.38, 21.46]
  magnitude accelerometer [m/s²]: [0]
  magnitude gyroscope [°/s]: [0]
  temperature [°C]: [19.78, 19.76, 19.75, 19.74, 19.72, 19.7, 19.69, 19.68, 19.66]
  air quality index: [125.24, 125.2, 125.06, 124.93, 125.04, 125.14, 124.8, 124.47, 124.23, 123.99, 123.72, 123.45, 123.05, 122.65, 122.98, 123.32, 123.14, 122.97, 123.15, 123.33, 123.14, 122.95, 122.82, 122.69, 123.01, 123.33, 123.14, 122.94, 122.72, 122.49, 122.54, 122.58, 122.62, 122.66, 122.4, 122.14, 121.88, 121.61, 121.24, 120.87, 120.96, 121.04, 120.52, 120.0, 119.78, 119.57, 119.26, 118.94, 119.29, 119.64, 119.11, 118.58, 118.39, 118.2, 117.62, 117.05, 116.62, 116.18, 115.24, 114.29, 114.22, 114.15, 114.18, 114.21, 113.7, 113.19, 112.86, 112.52, 111.99, 111.46, 110.8, 110.14, 109.78, 109.42, 109.46, 109.51, 109.4, 109.29, 109.19, 109.09, 108.86, 108.64, 108.97, 109.3, 108.86, 108.41, 108.39, 108.37, 107.7, 107.02, 106.75, 106.48, 106.4, 106.31, 106.46, 106.6, 106.36, 106.12, 105.94, 105.76, 105.82, 105.88, 105.68, 105.47, 105.28, 105.1, 104.94, 104.78, 105.16, 105.53, 105.22, 104.9, 104.76, 104.61, 104.68, 104.74, 104.42, 104.1, 103.63, 103.16, 103.02, 102.87, 102.43, 101.99, 101.66, 101.34, 100.66, 99.99, 99.52, 99.05, 98.84, 98.62, 98.24, 97.86, 97.6, 97.33, 97.38, 97.42, 97.23, 97.04, 96.58, 96.12, 95.81, 95.5, 94.96, 94.41, 94.58, 94.75, 94.86, 94.96, 95.47, 95.98, 95.1, 94.22, 93.6, 92.98, 92.44, 91.9, 91.76, 91.62, 92.08, 92.53, 92.72, 92.92, 92.37, 91.82, 91.43, 91.04, 90.98, 90.91, 91.32, 91.72, 91.2, 90.69, 90.57, 90.45, 90.38, 90.3, 89.58, 88.85, 88.36, 87.86, 87.88, 87.89, 87.69, 87.49, 86.56, 85.64, 85.16, 84.68, 84.96, 85.23, 84.65, 84.07, 83.59, 83.11, 83.51, 83.91, 84.32, 84.74]
  CO2 [ppm]: [1070.0, 1070.5, 1071.0, 1071.5, 1072.0, 1071.5, 1071.0, 1070.5, 1070.0, 1066.5, 1063.0, 1060.5, 1058.0, 1055.0, 1052.0, 1045.0, 1038.0, 1036.0, 1034.0, 1031.0, 1028.0, 1021.5, 1015.0, 1011.0, 1007.0, 1000.5, 994.0, 990.0, 986.0, 982.5, 979.0, 972.5, 966.0, 960.5, 955.0, 950.5, 946.0, 940.5, 935.0, 929.5, 924.0, 918.0, 912.0, 907.5, 903.0, 896.5, 890.0, 886.0, 882.0, 878.0, 874.0, 871.5, 869.0, 866.5, 864.0]
  min sound pressure [dB]: [35.4, 35.25, 35.1, 35.4, 35.7, 36.45, 37.2, 37.05, 36.9, 38.25, 39.6, 39.85, 40.1, 38.25, 36.4, 36.55, 36.7, 35.95, 35.2, 35.1, 35.0, 35.7, 36.4, 36.1, 35.8, 35.9, 36.0, 35.6, 35.2, 35.5, 35.8, 35.75, 35.7, 35.8, 35.9, 36.65, 37.4, 37.7, 38.0, 39.05, 40.1, 40.0, 39.9, 38.85, 37.8, 37.45, 37.1, 36.3, 35.5, 35.3, 35.1, 35.0, 34.9, 34.55, 34.2, 34.35, 34.5, 34.2, 33.9, 35.3, 36.7, 36.15, 35.6, 35.1, 34.6, 35.2, 35.8, 35.4, 35.0, 34.5, 34.0, 34.2, 34.4, 35.35, 36.3, 36.45, 36.6, 36.2, 35.8, 36.35, 36.9, 35.65, 34.4, 34.35, 34.3, 34.75, 35.2, 35.45, 35.7, 35.35, 35.0, 34.9, 34.8, 35.8, 36.8, 36.25, 35.7, 36.8, 37.9, 36.75, 35.6, 35.8, 36.0, 38.05, 40.1, 37.5, 34.9, 35.85, 36.8, 35.75, 34.7, 34.5, 34.3, 34.25, 34.2, 34.25, 34.3, 34.9, 35.5, 35.0, 34.5, 34.7, 34.9, 35.55, 36.2, 36.35, 36.5, 36.0, 35.5, 35.75, 36.0, 35.6, 35.2, 34.65, 34.1, 34.15, 34.2, 34.25, 34.3, 34.95, 35.6, 34.6, 33.6, 33.8, 34.0, 34.5, 35.0, 37.0, 39.0, 37.35, 35.7, 35.1, 34.5, 34.7, 34.9, 36.5, 38.1, 36.85, 35.6, 35.35, 35.1, 34.8, 34.5, 34.85, 35.2, 35.9, 36.6, 36.2, 35.8, 35.25, 34.7, 34.65, 34.6, 34.15, 33.7, 34.1, 34.5, 34.8, 35.1, 35.15, 35.2, 36.0, 36.8, 37.15, 37.5, 38.55, 39.6, 41.15, 42.7, 40.25, 37.8, 36.9, 36.0, 35.8, 35.6, 35.35, 35.1, 34.75, 34.4, 34.1, 33.8, 33.9, 34.0, 34.3, 34.6, 34.2, 33.8, 34.75, 35.7, 34.85, 34.0, 34.2, 34.4, 34.05, 33.7, 34.05, 34.4, 33.95, 33.5, 34.25, 35.0, 34.8, 34.6, 34.45, 34.3, 34.1, 33.9, 34.65, 35.4, 35.15, 34.9, 35.05, 35.2, 35.7, 36.2, 36.4, 36.6, 37.85, 39.1, 39.5, 39.9, 40.15, 40.4, 41.1, 41.8, 43.65, 45.5, 44.55, 43.6, 43.4, 43.2, 43.05, 42.9, 43.05, 43.2, 42.7, 42.2, 42.15, 42.1, 41.95, 41.8, 41.85, 41.9, 41.85, 41.8, 41.7, 41.6, 42.15, 42.7, 46.25, 49.8, 49.35, 48.9, 47.15, 45.4, 43.8, 42.2, 40.5, 38.8, 38.4, 38.0, 37.15, 36.3, 37.5, 38.7, 37.85, 37.0, 35.75]
  max sound pressure [dB]: [44.2, 42.7, 41.2, 41.9, 42.6, 50.9, 59.2, 51.75, 44.3, 48.45, 52.6, 50.4, 48.2, 46.3, 44.4, 45.35, 46.3, 50.4, 54.5, 53.75, 53.0, 49.45, 45.9, 45.05, 44.2, 43.5, 42.8, 43.65, 44.5, 45.15, 45.8, 41.95, 38.1, 38.05, 38.0, 38.5, 39.0, 40.9, 42.8, 43.1, 43.4, 43.0, 42.6, 41.65, 40.7, 41.3, 41.9, 39.95, 38.0, 37.95, 37.9, 38.15, 38.4, 38.8, 39.2, 42.05, 44.9, 46.85, 48.8, 45.45, 42.1, 43.25, 44.4, 43.8, 43.2, 41.25, 39.3, 41.5, 43.7, 48.5, 53.3, 47.95, 42.6, 41.2, 39.8, 40.6, 41.4, 50.0, 58.6, 60.45, 62.3, 57.15, 52.0, 53.15, 54.3, 54.6, 54.9, 54.85, 54.8, 55.35, 55.9, 52.4, 48.9, 52.6, 56.3, 49.65, 43.0, 51.9, 60.8, 58.8, 56.8, 62.5, 68.2, 64.35, 60.5, 58.9, 57.3, 54.95, 52.6, 52.0, 51.4, 48.8, 46.2, 49.2, 52.2, 48.45, 44.7, 44.45, 44.2, 44.9, 45.6, 41.85, 38.1, 38.75, 39.4, 42.65, 45.9, 51.9, 57.9, 56.55, 55.2, 54.2, 53.2, 47.65, 42.1, 43.6, 45.1, 41.05, 37.0, 40.0, 43.0, 40.85, 38.7, 42.35, 46.0, 45.3, 44.6, 41.05, 37.5, 44.15, 50.8, 51.4, 52.0, 52.6, 53.2, 46.7, 40.2, 38.7, 37.2, 39.2, 41.2, 55.0, 68.8, 56.6, 44.4, 43.45, 42.5, 40.25, 38.0, 37.9, 37.8, 38.9, 40.0, 40.9, 41.8, 42.4, 43.0, 43.1, 43.2, 40.25, 37.3, 37.45, 37.6, 37.5, 37.4, 38.1, 38.8, 38.3, 37.8, 37.75, 37.7, 38.75, 39.8, 40.5, 41.2, 45.25, 49.3, 48.3, 47.3, 45.65, 44.0, 41.9, 39.8, 39.3, 38.8, 38.7, 38.6, 37.7, 36.8, 40.5, 44.2, 47.95, 51.7, 45.05, 38.4, 38.55, 38.7, 51.85, 65.0, 62.65, 60.3, 51.9, 43.5, 39.6, 35.7, 36.45, 37.2, 37.3, 37.4, 42.6, 47.8, 49.55, 51.3, 45.6, 39.9, 39.0, 38.1, 45.15, 52.2, 45.75, 39.3, 39.15, 39.0, 40.8, 42.6, 41.65, 40.7, 44.75, 48.8, 45.55, 42.3, 44.35, 46.4, 47.0, 47.6, 54.0, 60.4, 53.8, 47.2, 46.3, 45.4, 49.35, 53.3, 50.2, 47.1, 45.95, 44.8, 47.25, 49.7, 46.5, 43.3, 43.25, 43.2, 44.65, 46.1, 44.5, 42.9, 43.9, 44.9, 48.0, 51.1, 52.4, 53.7, 55.0, 56.3, 54.05, 51.8, 49.3, 46.8, 44.8, 42.8, 42.25, 41.7, 43.15, 44.6, 43.0, 41.4, 41.45, 41.5, 39.85]
